     419
    1   .150000000   .729611111  2.830310780747285E+04
    2   .150000000   .748833333  2.303716852390877E+04
    3   .150000000   .768055556  1.884088130038801E+04
    4   .150000000   .787277778  1.548535818365014E+04
    5   .156500000   .800000000  1.436260152864556E+04
    6   .175722222   .800000000  1.626613673947875E+04
    7   .194944444   .800000000  1.772445037903517E+04
    8   .214166667   .800000000  1.865636943336485E+04
    9   .233388889   .800000000  1.902342500454005E+04
   10   .252611111   .800000000  1.883295433971487E+04
   11   .271833333   .800000000  1.813530263735203E+04
   12   .291055556   .800000000  1.701910594795120E+04
   13   .310277778   .800000000  1.560105763484307E+04
   14   .329500000   .800000000  1.401514158687211E+04
   15   .348722222   .800000000  1.239850306532297E+04
   16   .367944444   .800000000  1.088091726526413E+04
   17   .387166667   .800000000  9.572480863942723E+03
   18   .406388889   .800000000  8.556781172422245E+03
   19   .425611111   .800000000  7.884743988699667E+03
   20   .444833333   .800000000  7.576772335275492E+03
   21   .464055556   .800000000  7.621908807444768E+03
   22   .483277778   .800000000  7.984247062009395E+03
   23   .502500000   .800000000  8.609923330358126E+03
   24   .521722222   .800000000  9.433267192947935E+03
   25   .540944444   .800000000  1.038380384162142E+04
   26   .560166667   .800000000  1.139348422182503E+04
   27   .579388889   .800000000  1.240026321206481E+04
   28   .598611111   .800000000  1.335186745287342E+04
   29   .617833333   .800000000  1.420826286119161E+04
   30   .637055556   .800000000  1.494086694602243E+04
   31   .656277778   .800000000  1.553200129669115E+04
   32   .675500000   .800000000  1.597541781490965E+04
   33   .694722222   .800000000  1.627264222125864E+04
   34   .713944444   .800000000  1.643179786290871E+04
   35   .733166667   .800000000  1.646527007699714E+04
   36   .752388889   .800000000  1.638841910859743E+04
   37   .771611111   .800000000  1.621777792199420E+04
   38   .790833333   .800000000  1.597118741154609E+04
   39   .810055556   .800000000  1.566381915030953E+04
   40   .829277778   .800000000  1.531139071445039E+04
   41   .848500000   .800000000  1.492678914367426E+04
   42   .867722222   .800000000  1.452227274021800E+04
   43   .886944444   .800000000  1.410690117853113E+04
   44   .906166667   .800000000  1.368908097099993E+04
   45   .925388889   .800000000  1.327484537826791E+04
   46   .944611111   .800000000  1.286928902626523E+04
   47   .963833333   .800000000  1.247609989960645E+04
   48   .983055556   .800000000  1.209745554716452E+04
   49  1.000000000   .797722222  1.179816959817261E+04
   50  1.000000000   .778500000  1.195849573348360E+04
   51  1.000000000   .759277778  1.208848744198273E+04
   52  1.000000000   .740055556  1.218200945988506E+04
   53  1.000000000   .720833333  1.223344534046972E+04
   54  1.000000000   .701611111  1.223509579929638E+04
   55  1.000000000   .682388889  1.218074279554374E+04
   56  1.000000000   .663166667  1.206353673553557E+04
   57  1.000000000   .643944444  1.187782783611530E+04
   58  1.000000000   .624722222  1.161821170462315E+04
   59  1.000000000   .605500000  1.128122710867776E+04
   60  1.000000000   .586277778  1.086507290995084E+04
   61  1.000000000   .567055556  1.037157458502484E+04
   62  1.000000000   .547833333  9.804951830347054E+03
   63  1.000000000   .528611111  9.173738323255151E+03
   64  1.000000000   .509388889  8.490855637479093E+03
   65  1.000000000   .490166667  7.773402234064565E+03
   66  1.000000000   .470944444  7.043277873893257E+03
   67  1.000000000   .451722222  6.325572092770090E+03
   68  1.000000000   .432500000  5.648278840057368E+03
   69  1.000000000   .413277778  5.039791664303662E+03
   70  1.000000000   .394055556  4.529263981379461E+03
   71  1.000000000   .374833333  4.140175227052071E+03
   72  1.000000000   .355611111  3.891174176392861E+03
   73  1.000000000   .336388889  3.791628311852602E+03
   74  1.000000000   .317166667  3.838872215708538E+03
   75  1.000000000   .297944444  4.020640719395517E+03
   76  1.000000000   .278722222  4.309534442974280E+03
   77  1.000000000   .259500000  4.667950443535496E+03
   78  1.000000000   .240277778  5.050080208777710E+03
   79  1.000000000   .221055556  5.407237815234129E+03
   80  1.000000000   .201833333  5.690176464930685E+03
   81  1.000000000   .182611111  5.858170819723182E+03
   82  1.000000000   .163388889  5.884880984908716E+03
   83  1.000000000   .144166667  5.758405065951687E+03
   84  1.000000000   .124944444  5.489338366016138E+03
   85  1.000000000   .105722222  5.107034098923328E+03
   86  1.000000000   .086500000  4.656906267263526E+03
   87  1.000000000   .067277778  4.195707195273312E+03
   88  1.000000000   .048055556  3.781969993624961E+03
   89  1.000000000   .028833333  3.470909680279416E+03
   90  1.000000000   .009611111  3.304627961910998E+03
   91  1.000000000  -.009611111  3.303878688465690E+03
   92  1.000000000  -.028833333  3.470948704533059E+03
   93  1.000000000  -.048055556  3.781636102537239E+03
   94  1.000000000  -.067277778  4.195537935751922E+03
   95  1.000000000  -.086500000  4.656685060286103E+03
   96  1.000000000  -.105722222  5.106710800241306E+03
   97  1.000000000  -.124944444  5.488980719797777E+03
   98  1.000000000  -.144166667  5.757942973700693E+03
   99  1.000000000  -.163388889  5.884562491709436E+03
  100  1.000000000  -.182611111  5.858426706568214E+03
  101  1.000000000  -.201833333  5.690232435420603E+03
  102  1.000000000  -.221055556  5.407253352043317E+03
  103  1.000000000  -.240277778  5.050333753327229E+03
  104  1.000000000  -.259500000  4.667766415416782E+03
  105  1.000000000  -.278722222  4.309646187041250E+03
  106  1.000000000  -.297944444  4.020845782467567E+03
  107  1.000000000  -.317166667  3.838998148017694E+03
  108  1.000000000  -.336388889  3.791962599274470E+03
  109  1.000000000  -.355611111  3.891544311603967E+03
  110  1.000000000  -.374833333  4.140829954398238E+03
  111  1.000000000  -.394055556  4.529422391525804E+03
  112  1.000000000  -.413277778  5.040198352863364E+03
  113  1.000000000  -.432500000  5.648117129990659E+03
  114  1.000000000  -.451722222  6.325637349269454E+03
  115  1.000000000  -.470944444  7.043280911088342E+03
  116  1.000000000  -.490166667  7.773533539508505E+03
  117  1.000000000  -.509388889  8.490919873962892E+03
  118  1.000000000  -.528611111  9.173922639288903E+03
  119  1.000000000  -.547833333  9.804656468538371E+03
  120  1.000000000  -.567055556  1.037144017347848E+04
  121  1.000000000  -.586277778  1.086517199161942E+04
  122  1.000000000  -.605500000  1.128104224633100E+04
  123  1.000000000  -.624722222  1.161788459011998E+04
  124  1.000000000  -.643944444  1.187768350845118E+04
  125  1.000000000  -.663166667  1.206359792224639E+04
  126  1.000000000  -.682388889  1.218058881077631E+04
  127  1.000000000  -.701611111  1.223490919053670E+04
  128  1.000000000  -.720833333  1.223299449805819E+04
  129  1.000000000  -.740055556  1.218216725694852E+04
  130  1.000000000  -.759277778  1.208823070415615E+04
  131  1.000000000  -.778500000  1.195819742352101E+04
  132  1.000000000  -.797722222  1.179811818572565E+04
  133   .983055556  -.800000000  1.209726237414197E+04
  134   .963833333  -.800000000  1.247594252522866E+04
  135   .944611111  -.800000000  1.286926853784336E+04
  136   .925388889  -.800000000  1.327456055954330E+04
  137   .906166667  -.800000000  1.368882632342289E+04
  138   .886944444  -.800000000  1.410682374412258E+04
  139   .867722222  -.800000000  1.452228312142383E+04
  140   .848500000  -.800000000  1.492656890102541E+04
  141   .829277778  -.800000000  1.531097226571752E+04
  142   .810055556  -.800000000  1.566360045143607E+04
  143   .790833333  -.800000000  1.597093649785236E+04
  144   .771611111  -.800000000  1.621778636581798E+04
  145   .752388889  -.800000000  1.638815066013189E+04
  146   .733166667  -.800000000  1.646501683878079E+04
  147   .713944444  -.800000000  1.643213186707998E+04
  148   .694722222  -.800000000  1.627280788213896E+04
  149   .675500000  -.800000000  1.597560891837143E+04
  150   .656277778  -.800000000  1.553211246693854E+04
  151   .637055556  -.800000000  1.494072714880122E+04
  152   .617833333  -.800000000  1.420867553945153E+04
  153   .598611111  -.800000000  1.335238903123478E+04
  154   .579388889  -.800000000  1.240068346036554E+04
  155   .560166667  -.800000000  1.139381421263743E+04
  156   .540944444  -.800000000  1.038435625836455E+04
  157   .521722222  -.800000000  9.433702657080577E+03
  158   .502500000  -.800000000  8.610151753409387E+03
  159   .483277778  -.800000000  7.984454617711746E+03
  160   .464055556  -.800000000  7.621939061272244E+03
  161   .444833333  -.800000000  7.576851720491323E+03
  162   .425611111  -.800000000  7.884892581213624E+03
  163   .406388889  -.800000000  8.556562101298601E+03
  164   .387166667  -.800000000  9.572211845164275E+03
  165   .367944444  -.800000000  1.088075655205445E+04
  166   .348722222  -.800000000  1.239798716197972E+04
  167   .329500000  -.800000000  1.401442781965403E+04
  168   .310277778  -.800000000  1.560067029455707E+04
  169   .291055556  -.800000000  1.701858204922515E+04
  170   .271833333  -.800000000  1.813509868928204E+04
  171   .252611111  -.800000000  1.883274707223011E+04
  172   .233388889  -.800000000  1.902340371411538E+04
  173   .214166667  -.800000000  1.865643807201758E+04
  174   .194944444  -.800000000  1.772465932484688E+04
  175   .175722222  -.800000000  1.626660817410739E+04
  176   .156500000  -.800000000  1.436291927210368E+04
  177   .150000000  -.787277778  1.548545213314017E+04
  178   .150000000  -.768055556  1.884107802752781E+04
  179   .150000000  -.748833333  2.303762308534704E+04
  180   .150000000  -.729611111  2.830374961912477E+04
    1   .808206088   .522605686  2.846060776315465E+04
    2   .808206088   .539275457  2.846060776315465E+04
    3   .808206088   .555945229  2.846060776315465E+04
    4   .808206088   .572615000  2.846060776315465E+04
    5   .808206088   .589284771  2.846060776315465E+04
    6   .808206088   .605954543  2.846060776315465E+04
    7   .808206088   .622624314  2.846060776315465E+04
    8   .808206088   .639294086  2.846060776315465E+04
    9   .808206088   .655963857  2.846060776315465E+04
   10   .808206088   .672633629  2.846060776315465E+04
   11   .808206088   .689303400  2.846060776315465E+04
   12   .808206088   .705973171  2.846060776315465E+04
   13   .808206088   .722642943  2.846060776315465E+04
   14   .808206088   .739312714  2.846060776315465E+04
   15   .821924163   .522605686  2.846060776315465E+04
   16   .821924163   .539275457  2.846060776315465E+04
   17   .821924163   .555945229  2.846060776315465E+04
   18   .821924163   .572615000  2.846060776315465E+04
   19   .821924163   .589284771  2.846060776315465E+04
   20   .821924163   .605954543  2.846060776315465E+04
   21   .821924163   .622624314  2.846060776315465E+04
   22   .821924163   .639294086  2.846060776315465E+04
   23   .821924163   .655963857  2.846060776315465E+04
   24   .821924163   .672633629  2.846060776315465E+04
   25   .821924163   .689303400  2.846060776315465E+04
   26   .821924163   .705973171  2.846060776315465E+04
   27   .821924163   .722642943  2.846060776315465E+04
   28   .821924163   .739312714  2.846060776315465E+04
   29   .835642238   .522605686  2.846060776315465E+04
   30   .835642238   .539275457  2.846060776315465E+04
   31   .835642238   .555945229  2.846060776315465E+04
   32   .835642238   .572615000  2.846060776315465E+04
   33   .835642238   .589284771  2.846060776315465E+04
   34   .835642238   .605954543  2.846060776315465E+04
   35   .835642238   .622624314  2.846060776315465E+04
   36   .835642238   .639294086  2.846060776315465E+04
   37   .835642238   .655963857  2.846060776315465E+04
   38   .835642238   .672633629  2.846060776315465E+04
   39   .835642238   .689303400  2.846060776315465E+04
   40   .835642238   .705973171  2.846060776315465E+04
   41   .835642238   .722642943  2.846060776315465E+04
   42   .835642238   .739312714  2.846060776315465E+04
   43   .849360312   .522605686  2.846060776315465E+04
   44   .849360312   .539275457  2.846060776315465E+04
   45   .849360312   .555945229  2.846060776315465E+04
   46   .849360312   .572615000  2.846060776315465E+04
   47   .849360312   .589284771  2.846060776315465E+04
   48   .849360312   .605954543  2.846060776315465E+04
   49   .849360312   .622624314  2.846060776315465E+04
   50   .849360312   .639294086  2.846060776315465E+04
   51   .849360312   .655963857  2.846060776315465E+04
   52   .849360312   .672633629  2.846060776315465E+04
   53   .849360312   .689303400  2.846060776315465E+04
   54   .849360312   .705973171  2.846060776315465E+04
   55   .849360312   .722642943  2.846060776315465E+04
   56   .849360312   .739312714  2.846060776315465E+04
    1   .808206088  -.522605686  2.846060776315465E+04
    2   .808206088  -.539275457  2.846060776315465E+04
    3   .808206088  -.555945229  2.846060776315465E+04
    4   .808206088  -.572615000  2.846060776315465E+04
    5   .808206088  -.589284771  2.846060776315465E+04
    6   .808206088  -.605954543  2.846060776315465E+04
    7   .808206088  -.622624314  2.846060776315465E+04
    8   .808206088  -.639294086  2.846060776315465E+04
    9   .808206088  -.655963857  2.846060776315465E+04
   10   .808206088  -.672633629  2.846060776315465E+04
   11   .808206088  -.689303400  2.846060776315465E+04
   12   .808206088  -.705973171  2.846060776315465E+04
   13   .808206088  -.722642943  2.846060776315465E+04
   14   .808206088  -.739312714  2.846060776315465E+04
   15   .821924163  -.522605686  2.846060776315465E+04
   16   .821924163  -.539275457  2.846060776315465E+04
   17   .821924163  -.555945229  2.846060776315465E+04
   18   .821924163  -.572615000  2.846060776315465E+04
   19   .821924163  -.589284771  2.846060776315465E+04
   20   .821924163  -.605954543  2.846060776315465E+04
   21   .821924163  -.622624314  2.846060776315465E+04
   22   .821924163  -.639294086  2.846060776315465E+04
   23   .821924163  -.655963857  2.846060776315465E+04
   24   .821924163  -.672633629  2.846060776315465E+04
   25   .821924163  -.689303400  2.846060776315465E+04
   26   .821924163  -.705973171  2.846060776315465E+04
   27   .821924163  -.722642943  2.846060776315465E+04
   28   .821924163  -.739312714  2.846060776315465E+04
   29   .835642238  -.522605686  2.846060776315465E+04
   30   .835642238  -.539275457  2.846060776315465E+04
   31   .835642238  -.555945229  2.846060776315465E+04
   32   .835642238  -.572615000  2.846060776315465E+04
   33   .835642238  -.589284771  2.846060776315465E+04
   34   .835642238  -.605954543  2.846060776315465E+04
   35   .835642238  -.622624314  2.846060776315465E+04
   36   .835642238  -.639294086  2.846060776315465E+04
   37   .835642238  -.655963857  2.846060776315465E+04
   38   .835642238  -.672633629  2.846060776315465E+04
   39   .835642238  -.689303400  2.846060776315465E+04
   40   .835642238  -.705973171  2.846060776315465E+04
   41   .835642238  -.722642943  2.846060776315465E+04
   42   .835642238  -.739312714  2.846060776315465E+04
   43   .849360312  -.522605686  2.846060776315465E+04
   44   .849360312  -.539275457  2.846060776315465E+04
   45   .849360312  -.555945229  2.846060776315465E+04
   46   .849360312  -.572615000  2.846060776315465E+04
   47   .849360312  -.589284771  2.846060776315465E+04
   48   .849360312  -.605954543  2.846060776315465E+04
   49   .849360312  -.622624314  2.846060776315465E+04
   50   .849360312  -.639294086  2.846060776315465E+04
   51   .849360312  -.655963857  2.846060776315465E+04
   52   .849360312  -.672633629  2.846060776315465E+04
   53   .849360312  -.689303400  2.846060776315465E+04
   54   .849360312  -.705973171  2.846060776315465E+04
   55   .849360312  -.722642943  2.846060776315465E+04
   56   .849360312  -.739312714  2.846060776315465E+04
    1   .808754487   .184601256  1.837511393957541E+04
    2   .808754487   .195364967  1.837511393957541E+04
    3   .808754487   .206128678  1.837511393957541E+04
    4   .808754487   .216892389  1.837511393957541E+04
    5   .808754487   .227656100  1.837511393957541E+04
    6   .808754487   .238419811  1.837511393957541E+04
    7   .808754487   .249183522  1.837511393957541E+04
    8   .808754487   .259947233  1.837511393957541E+04
    9   .808754487   .270710944  1.837511393957541E+04
   10   .822472563   .184601256  1.837511393957541E+04
   11   .822472563   .195364967  1.837511393957541E+04
   12   .822472563   .206128678  1.837511393957541E+04
   13   .822472563   .216892389  1.837511393957541E+04
   14   .822472563   .227656100  1.837511393957541E+04
   15   .822472563   .238419811  1.837511393957541E+04
   16   .822472563   .249183522  1.837511393957541E+04
   17   .822472563   .259947233  1.837511393957541E+04
   18   .822472563   .270710944  1.837511393957541E+04
   19   .836190637   .184601256  1.837511393957541E+04
   20   .836190637   .195364967  1.837511393957541E+04
   21   .836190637   .206128678  1.837511393957541E+04
   22   .836190637   .216892389  1.837511393957541E+04
   23   .836190637   .227656100  1.837511393957541E+04
   24   .836190637   .238419811  1.837511393957541E+04
   25   .836190637   .249183522  1.837511393957541E+04
   26   .836190637   .259947233  1.837511393957541E+04
   27   .836190637   .270710944  1.837511393957541E+04
   28   .849908713   .184601256  1.837511393957541E+04
   29   .849908713   .195364967  1.837511393957541E+04
   30   .849908713   .206128678  1.837511393957541E+04
   31   .849908713   .216892389  1.837511393957541E+04
   32   .849908713   .227656100  1.837511393957541E+04
   33   .849908713   .238419811  1.837511393957541E+04
   34   .849908713   .249183522  1.837511393957541E+04
   35   .849908713   .259947233  1.837511393957541E+04
   36   .849908713   .270710944  1.837511393957541E+04
    1   .808754487  -.184601256  1.837511393957541E+04
    2   .808754487  -.195364967  1.837511393957541E+04
    3   .808754487  -.206128678  1.837511393957541E+04
    4   .808754487  -.216892389  1.837511393957541E+04
    5   .808754487  -.227656100  1.837511393957541E+04
    6   .808754487  -.238419811  1.837511393957541E+04
    7   .808754487  -.249183522  1.837511393957541E+04
    8   .808754487  -.259947233  1.837511393957541E+04
    9   .808754487  -.270710944  1.837511393957541E+04
   10   .822472563  -.184601256  1.837511393957541E+04
   11   .822472563  -.195364967  1.837511393957541E+04
   12   .822472563  -.206128678  1.837511393957541E+04
   13   .822472563  -.216892389  1.837511393957541E+04
   14   .822472563  -.227656100  1.837511393957541E+04
   15   .822472563  -.238419811  1.837511393957541E+04
   16   .822472563  -.249183522  1.837511393957541E+04
   17   .822472563  -.259947233  1.837511393957541E+04
   18   .822472563  -.270710944  1.837511393957541E+04
   19   .836190637  -.184601256  1.837511393957541E+04
   20   .836190637  -.195364967  1.837511393957541E+04
   21   .836190637  -.206128678  1.837511393957541E+04
   22   .836190637  -.216892389  1.837511393957541E+04
   23   .836190637  -.227656100  1.837511393957541E+04
   24   .836190637  -.238419811  1.837511393957541E+04
   25   .836190637  -.249183522  1.837511393957541E+04
   26   .836190637  -.259947233  1.837511393957541E+04
   27   .836190637  -.270710944  1.837511393957541E+04
   28   .849908713  -.184601256  1.837511393957541E+04
   29   .849908713  -.195364967  1.837511393957541E+04
   30   .849908713  -.206128678  1.837511393957541E+04
   31   .849908713  -.216892389  1.837511393957541E+04
   32   .849908713  -.227656100  1.837511393957541E+04
   33   .849908713  -.238419811  1.837511393957541E+04
   34   .849908713  -.249183522  1.837511393957541E+04
   35   .849908713  -.259947233  1.837511393957541E+04
   36   .849908713  -.270710944  1.837511393957541E+04
    1   .804759387  -.052473117  9.950766676312358E+03
    2   .804759387  -.042932550  9.950766676312358E+03
    3   .804759387  -.033391983  9.950766676312358E+03
    4   .804759387  -.023851417  9.950766676312358E+03
    5   .804759387  -.014310850  9.950766676312358E+03
    6   .804759387  -.004770283  9.950766676312358E+03
    7   .804759387   .004770283  9.950766676312358E+03
    8   .804759387   .014310850  9.950766676312358E+03
    9   .804759387   .023851417  9.950766676312358E+03
   10   .804759387   .033391983  9.950766676312358E+03
   11   .804759387   .042932550  9.950766676312358E+03
   12   .804759387   .052473117  9.950766676312358E+03
   13   .813142663  -.052473117  9.950766676312358E+03
   14   .813142663  -.042932550  9.950766676312358E+03
   15   .813142663  -.033391983  9.950766676312358E+03
   16   .813142663  -.023851417  9.950766676312358E+03
   17   .813142663  -.014310850  9.950766676312358E+03
   18   .813142663  -.004770283  9.950766676312358E+03
   19   .813142663   .004770283  9.950766676312358E+03
   20   .813142663   .014310850  9.950766676312358E+03
   21   .813142663   .023851417  9.950766676312358E+03
   22   .813142663   .033391983  9.950766676312358E+03
   23   .813142663   .042932550  9.950766676312358E+03
   24   .813142663   .052473117  9.950766676312358E+03
   25   .821525937  -.052473117  9.950766676312358E+03
   26   .821525937  -.042932550  9.950766676312358E+03
   27   .821525937  -.033391983  9.950766676312358E+03
   28   .821525937  -.023851417  9.950766676312358E+03
   29   .821525937  -.014310850  9.950766676312358E+03
   30   .821525937  -.004770283  9.950766676312358E+03
   31   .821525937   .004770283  9.950766676312358E+03
   32   .821525937   .014310850  9.950766676312358E+03
   33   .821525937   .023851417  9.950766676312358E+03
   34   .821525937   .033391983  9.950766676312358E+03
   35   .821525937   .042932550  9.950766676312358E+03
   36   .821525937   .052473117  9.950766676312358E+03
   37   .829909213  -.052473117  9.950766676312358E+03
   38   .829909213  -.042932550  9.950766676312358E+03
   39   .829909213  -.033391983  9.950766676312358E+03
   40   .829909213  -.023851417  9.950766676312358E+03
   41   .829909213  -.014310850  9.950766676312358E+03
   42   .829909213  -.004770283  9.950766676312358E+03
   43   .829909213   .004770283  9.950766676312358E+03
   44   .829909213   .014310850  9.950766676312358E+03
   45   .829909213   .023851417  9.950766676312358E+03
   46   .829909213   .033391983  9.950766676312358E+03
   47   .829909213   .042932550  9.950766676312358E+03
   48   .829909213   .052473117  9.950766676312358E+03
    1    .9400    0.6429  1.615073E+04
    2    .9400    0.4286  -7.511632E+03
    3    .9400    0.2143  -1.116348E+04
    4    .9400    0.0000   1.461060E+04
    5    .9400   -0.2143  -1.116348E+04
    6    .9400   -0.4286  -7.511632E+03
    7    .9400   -0.6429   1.615073E+04