  402
    1     .0650000000000     .7840737497413  4.453055532744125E+03
    2     .0650000000000     .7522212492239  2.809301829145510E+02
    3     .0650000000000     .7203687487065 -9.319868677365615E+03
    4     .0650000000000     .6885162481891 -2.933447976732893E+04
    5     .0933362523283     .6850000000000 -4.396396070834381E+04
    6     .1251887528457     .6850000000000 -2.559839440296278E+04
    7     .1570412533631     .6850000000000  4.131402392370732E+04
    8     .1600000000000     .7138937538805  6.321859555099941E+04
    9     .1600000000000     .7457462543979  6.407822838293060E+04
   10     .1600000000000     .7775987549153  5.861595432614826E+04
   11     .1600000000000     .8094512554327  5.098048477981190E+04
   12     .1600000000000     .8413037559501  4.314583243975041E+04
   13     .1600000000000     .8731562564675  3.597168281466579E+04
   14     .1636361205762     .9034447458091  3.133192353672066E+04
   15     .1867595288159     .9253511325625  3.464682679000712E+04
   16     .2098829370557     .9472575193159  3.648930226566391E+04
   17     .2330063452954     .9691639060693  3.709307391951833E+04
   18     .2561297535351     .9910702928227  3.676064891746517E+04
   19     .2792531617748    1.0129766795761  3.579098333335113E+04
   20     .3023765700145    1.0348830663296  3.443941249630362E+04
   21     .3254999782543    1.0567894530830  3.290261199352946E+04
   22     .3486233864940    1.0786958398364  3.131892214949945E+04
   23     .3799562150755    1.0800000000000  3.299387653532071E+04
   24     .4118087155929    1.0800000000000  3.428569607208658E+04
   25     .4436612161103    1.0800000000000  3.504510953453333E+04
   26     .4755137166277    1.0800000000000  3.538402725356128E+04
   27     .5073662171451    1.0800000000000  3.543009274216399E+04
   28     .5392187176625    1.0800000000000  3.530636745633663E+04
   29     .5710712181799    1.0800000000000  3.511538777360405E+04
   30     .6029237186973    1.0800000000000  3.492937379782349E+04
   31     .6347762192147    1.0800000000000  3.478707200855639E+04
   32     .6666287197321    1.0800000000000  3.469675624087662E+04
   33     .6984812202495    1.0800000000000  3.464247371959027E+04
   34     .7303337207669    1.0800000000000  3.459292958205475E+04
   35     .7621862212843    1.0800000000000  3.451001504690145E+04
   36     .7940387218017    1.0800000000000  3.435644231790664E+04
   37     .8258912223191    1.0800000000000  3.410112769145891E+04
   38     .8577437228365    1.0800000000000  3.372253783495416E+04
   39     .8895962233539    1.0800000000000  3.320987671565863E+04
   40     .9214487238713    1.0800000000000  3.256265698301543E+04
   41     .9533012243887    1.0800000000000  3.178933662143563E+04
   42     .9851537249061    1.0800000000000  3.090505167439284E+04
   43    1.0170062254235    1.0800000000000  2.992952232408956E+04
   44    1.0488587259409    1.0800000000000  2.888466622069693E+04
   45    1.0807112264583    1.0800000000000  2.779294701579786E+04
   46    1.1125637269757    1.0800000000000  2.667597509201721E+04
   47    1.1444162274931    1.0800000000000  2.555319647248610E+04
   48    1.1762687280105    1.0800000000000  2.444156394275128E+04
   49    1.2081212285279    1.0800000000000  2.335513817745446E+04
   50    1.2399737290453    1.0800000000000  2.230510687519786E+04
   51    1.2718262295627    1.0800000000000  2.129971959941520E+04
   52    1.3036787300801    1.0800000000000  2.034487347290434E+04
   53    1.3355312305975    1.0800000000000  1.944411016575386E+04
   54    1.3673837311149    1.0800000000000  1.859923784767833E+04
   55    1.3992362316323    1.0800000000000  1.781053059412359E+04
   56    1.4310887321497    1.0800000000000  1.707698872219394E+04
   57    1.4500000000000    1.0670587673329  1.664403624069125E+04
   58    1.4500000000000    1.0352062668155  1.653728320694494E+04
   59    1.4500000000000    1.0033537662981  1.635275533392245E+04
   60    1.4500000000000     .9715012657807  1.608267547134969E+04
   61    1.4500000000000     .9396487652633  1.571960439712764E+04
   62    1.4500000000000     .9077962647459  1.525664084680676E+04
   63    1.4500000000000     .8759437642285  1.468786026827485E+04
   64    1.4500000000000     .8440912637111  1.400919207611057E+04
   65    1.4500000000000     .8122387631937  1.321844686922120E+04
   66    1.4500000000000     .7803862626763  1.231701363627775E+04
   67    1.4500000000000     .7485337621589  1.130963886391323E+04
   68    1.4500000000000     .7166812616415  1.020601788454537E+04
   69    1.4500000000000     .6848287611241  9.021566049649753E+03
   70    1.4500000000000     .6529762606067  7.777424723305828E+03
   71    1.4500000000000     .6211237600893  6.501646741069839E+03
   72    1.4500000000000     .5892712595719  5.228472488667415E+03
   73    1.4500000000000     .5574187590545  3.998269966668462E+03
   74    1.4500000000000     .5255662585371  2.856191914246355E+03
   75    1.4500000000000     .4937137580197  1.850026525763893E+03
   76    1.4500000000000     .4618612575023  1.027664852937086E+03
   77    1.4500000000000     .4300087569849  4.340396793557418E+02
   78    1.4500000000000     .3981562564675  1.065842012064830E+02
   79    1.4500000000000     .3663037559501  7.157071277106229E+01
   80    1.4500000000000     .3344512554327  3.405198317661162E+02
   81    1.4500000000000     .3025987549153  9.064002943737789E+02
   82    1.4500000000000     .2707462543979  1.742093942740265E+03
   83    1.4500000000000     .2388937538805  2.799984780967907E+03
   84    1.4500000000000     .2070412533631  4.013694997722083E+03
   85    1.4500000000000     .1751887528457  5.301399808215757E+03
   86    1.4500000000000     .1433362523283  6.571843521304779E+03
   87    1.4500000000000     .1114837518109  7.731016742434213E+03
   88    1.4500000000000     .0796312512935  8.690859031553560E+03
   89    1.4500000000000     .0477787507761  9.376438357447016E+03
   90    1.4500000000000     .0159262502587  9.733467974904954E+03
   91    1.4500000000000    -.0159262502587  9.733511566589390E+03
   92    1.4500000000000    -.0477787507761  9.376479126191591E+03
   93    1.4500000000000    -.0796312512935  8.690816065626901E+03
   94    1.4500000000000    -.1114837518109  7.731056209120807E+03
   95    1.4500000000000    -.1433362523283  6.571844137298135E+03
   96    1.4500000000000    -.1751887528457  5.301404848916931E+03
   97    1.4500000000000    -.2070412533631  4.013680713475944E+03
   98    1.4500000000000    -.2388937538805  2.800069072640164E+03
   99    1.4500000000000    -.2707462543979  1.742048213306691E+03
  100    1.4500000000000    -.3025987549153  9.063618951771721E+02
  101    1.4500000000000    -.3344512554327  3.404995793548887E+02
  102    1.4500000000000    -.3663037559501  7.157512039194114E+01
  103    1.4500000000000    -.3981562564675  1.065849287112948E+02
  104    1.4500000000000    -.4300087569849  4.340311317101592E+02
  105    1.4500000000000    -.4618612575023  1.027722825220141E+03
  106    1.4500000000000    -.4937137580197  1.850030670165749E+03
  107    1.4500000000000    -.5255662585371  2.856168875592710E+03
  108    1.4500000000000    -.5574187590545  3.998288231170427E+03
  109    1.4500000000000    -.5892712595719  5.228425307305198E+03
  110    1.4500000000000    -.6211237600893  6.501625550657892E+03
  111    1.4500000000000    -.6529762606067  7.777470543757117E+03
  112    1.4500000000000    -.6848287611241  9.021597144337307E+03
  113    1.4500000000000    -.7166812616415  1.020599604642484E+04
  114    1.4500000000000    -.7485337621589  1.130959494757122E+04
  115    1.4500000000000    -.7803862626763  1.231696324716052E+04
  116    1.4500000000000    -.8122387631937  1.321847544871092E+04
  117    1.4500000000000    -.8440912637111  1.400916065225482E+04
  118    1.4500000000000    -.8759437642285  1.468790664803896E+04
  119    1.4500000000000    -.9077962647459  1.525666291832683E+04
  120    1.4500000000000    -.9396487652633  1.571959206026817E+04
  121    1.4500000000000    -.9715012657807  1.608268508519334E+04
  122    1.4500000000000   -1.0033537662981  1.635273714654680E+04
  123    1.4500000000000   -1.0352062668155  1.653726436089363E+04
  124    1.4500000000000   -1.0670587673329  1.664403640820956E+04
  125    1.4310887321497   -1.0800000000000  1.707703177734005E+04
  126    1.3992362316323   -1.0800000000000  1.781051117648743E+04
  127    1.3673837311149   -1.0800000000000  1.859923154008060E+04
  128    1.3355312305975   -1.0800000000000  1.944410396417648E+04
  129    1.3036787300801   -1.0800000000000  2.034489163863683E+04
  130    1.2718262295627   -1.0800000000000  2.129974028380162E+04
  131    1.2399737290453   -1.0800000000000  2.230511228632884E+04
  132    1.2081212285279   -1.0800000000000  2.335517524292239E+04
  133    1.1762687280105   -1.0800000000000  2.444151583142916E+04
  134    1.1444162274931   -1.0800000000000  2.555317372572755E+04
  135    1.1125637269757   -1.0800000000000  2.667599990850267E+04
  136    1.0807112264583   -1.0800000000000  2.779298562618447E+04
  137    1.0488587259409   -1.0800000000000  2.888466439195056E+04
  138    1.0170062254235   -1.0800000000000  2.992951793188185E+04
  139     .9851537249061   -1.0800000000000  3.090504310349430E+04
  140     .9533012243887   -1.0800000000000  3.178932697048776E+04
  141     .9214487238713   -1.0800000000000  3.256264696254005E+04
  142     .8895962233539   -1.0800000000000  3.320989994475983E+04
  143     .8577437228365   -1.0800000000000  3.372255648269103E+04
  144     .8258912223191   -1.0800000000000  3.410113198580360E+04
  145     .7940387218017   -1.0800000000000  3.435644048993192E+04
  146     .7621862212843   -1.0800000000000  3.451001376745994E+04
  147     .7303337207669   -1.0800000000000  3.459290757013547E+04
  148     .6984812202495   -1.0800000000000  3.464246015399967E+04
  149     .6666287197321   -1.0800000000000  3.469672800591280E+04
  150     .6347762192147   -1.0800000000000  3.478707800014917E+04
  151     .6029237186973   -1.0800000000000  3.492933789525243E+04
  152     .5710712181799   -1.0800000000000  3.511541266705422E+04
  153     .5392187176625   -1.0800000000000  3.530636984465348E+04
  154     .5073662171451   -1.0800000000000  3.543008177480359E+04
  155     .4755137166277   -1.0800000000000  3.538404185133011E+04
  156     .4436612161103   -1.0800000000000  3.504513449300148E+04
  157     .4118087155929   -1.0800000000000  3.428570859891239E+04
  158     .3799562150755   -1.0800000000000  3.299386989746508E+04
  159     .3486233864940   -1.0786958398364  3.131896309337160E+04
  160     .3254999782543   -1.0567894530830  3.290260720426634E+04
  161     .3023765700145   -1.0348830663296  3.443941624644359E+04
  162     .2792531617748   -1.0129766795761  3.579094948682449E+04
  163     .2561297535351    -.9910702928227  3.676064905543585E+04
  164     .2330063452954    -.9691639060693  3.709307298145082E+04
  165     .2098829370557    -.9472575193159  3.648930034486948E+04
  166     .1867595288159    -.9253511325625  3.464679631566618E+04
  167     .1636361205762    -.9034447458091  3.133193118206582E+04
  168     .1600000000000    -.8731562564675  3.597170368930444E+04
  169     .1600000000000    -.8413037559501  4.314583058152890E+04
  170     .1600000000000    -.8094512554327  5.098049248472238E+04
  171     .1600000000000    -.7775987549153  5.861598813159460E+04
  172     .1600000000000    -.7457462543979  6.407820415159984E+04
  173     .1600000000000    -.7138937538805  6.321859471816293E+04
  174     .1570412533631    -.6850000000000  4.131402909242584E+04
  175     .1251887528457    -.6850000000000 -2.559838552726967E+04
  176     .0933362523283    -.6850000000000 -4.396394084325164E+04
  177     .0650000000000    -.6885162481891 -2.933446991363351E+04
  178     .0650000000000    -.7203687487065 -9.319912227674984E+03
  179     .0650000000000    -.7522212492239  2.807960129942288E+02
  180     .0650000000000    -.7840737497413  4.453023217569679E+03
    1   .807826233   .475428490  2.401060868448417E+04
    2   .807826233   .487700271  2.401060868448417E+04
    3   .807826233   .499972052  2.401060868448417E+04
    4   .807826233   .512243833  2.401060868448417E+04
    5   .807826233   .524515614  2.401060868448417E+04
    6   .807826233   .536787395  2.401060868448417E+04
    7   .807826233   .549059176  2.401060868448417E+04
    8   .807826233   .561330957  2.401060868448417E+04
    9   .807826233   .573602738  2.401060868448417E+04
   10   .807826233   .585874519  2.401060868448417E+04
   11   .807826233   .598146300  2.401060868448417E+04
   12   .807826233   .610418081  2.401060868448417E+04
   13   .807826233   .622689862  2.401060868448417E+04
   14   .807826233   .634961643  2.401060868448417E+04
   15   .807826233   .647233424  2.401060868448417E+04
   16   .807826233   .659505205  2.401060868448417E+04
   17   .807826233   .671776986  2.401060868448417E+04
   18   .807826233   .684048767  2.401060868448417E+04
   19   .807826233   .696320548  2.401060868448417E+04
   20   .807826233   .708592329  2.401060868448417E+04
   21   .807826233   .720864110  2.401060868448417E+04
   22   .823478800   .475428490  2.401060868448417E+04
   23   .823478800   .487700271  2.401060868448417E+04
   24   .823478800   .499972052  2.401060868448417E+04
   25   .823478800   .512243833  2.401060868448417E+04
   26   .823478800   .524515614  2.401060868448417E+04
   27   .823478800   .536787395  2.401060868448417E+04
   28   .823478800   .549059176  2.401060868448417E+04
   29   .823478800   .561330957  2.401060868448417E+04
   30   .823478800   .573602738  2.401060868448417E+04
   31   .823478800   .585874519  2.401060868448417E+04
   32   .823478800   .598146300  2.401060868448417E+04
   33   .823478800   .610418081  2.401060868448417E+04
   34   .823478800   .622689862  2.401060868448417E+04
   35   .823478800   .634961643  2.401060868448417E+04
   36   .823478800   .647233424  2.401060868448417E+04
   37   .823478800   .659505205  2.401060868448417E+04
   38   .823478800   .671776986  2.401060868448417E+04
   39   .823478800   .684048767  2.401060868448417E+04
   40   .823478800   .696320548  2.401060868448417E+04
   41   .823478800   .708592329  2.401060868448417E+04
   42   .823478800   .720864110  2.401060868448417E+04
   43   .839131367   .475428490  2.401060868448417E+04
   44   .839131367   .487700271  2.401060868448417E+04
   45   .839131367   .499972052  2.401060868448417E+04
   46   .839131367   .512243833  2.401060868448417E+04
   47   .839131367   .524515614  2.401060868448417E+04
   48   .839131367   .536787395  2.401060868448417E+04
   49   .839131367   .549059176  2.401060868448417E+04
   50   .839131367   .561330957  2.401060868448417E+04
   51   .839131367   .573602738  2.401060868448417E+04
   52   .839131367   .585874519  2.401060868448417E+04
   53   .839131367   .598146300  2.401060868448417E+04
   54   .839131367   .610418081  2.401060868448417E+04
   55   .839131367   .622689862  2.401060868448417E+04
   56   .839131367   .634961643  2.401060868448417E+04
   57   .839131367   .647233424  2.401060868448417E+04
   58   .839131367   .659505205  2.401060868448417E+04
   59   .839131367   .671776986  2.401060868448417E+04
   60   .839131367   .684048767  2.401060868448417E+04
   61   .839131367   .696320548  2.401060868448417E+04
   62   .839131367   .708592329  2.401060868448417E+04
   63   .839131367   .720864110  2.401060868448417E+04
    1   .807826233  -.475428490  2.401060868448417E+04
    2   .807826233  -.487700271  2.401060868448417E+04
    3   .807826233  -.499972052  2.401060868448417E+04
    4   .807826233  -.512243833  2.401060868448417E+04
    5   .807826233  -.524515614  2.401060868448417E+04
    6   .807826233  -.536787395  2.401060868448417E+04
    7   .807826233  -.549059176  2.401060868448417E+04
    8   .807826233  -.561330957  2.401060868448417E+04
    9   .807826233  -.573602738  2.401060868448417E+04
   10   .807826233  -.585874519  2.401060868448417E+04
   11   .807826233  -.598146300  2.401060868448417E+04
   12   .807826233  -.610418081  2.401060868448417E+04
   13   .807826233  -.622689862  2.401060868448417E+04
   14   .807826233  -.634961643  2.401060868448417E+04
   15   .807826233  -.647233424  2.401060868448417E+04
   16   .807826233  -.659505205  2.401060868448417E+04
   17   .807826233  -.671776986  2.401060868448417E+04
   18   .807826233  -.684048767  2.401060868448417E+04
   19   .807826233  -.696320548  2.401060868448417E+04
   20   .807826233  -.708592329  2.401060868448417E+04
   21   .807826233  -.720864110  2.401060868448417E+04
   22   .823478800  -.475428490  2.401060868448417E+04
   23   .823478800  -.487700271  2.401060868448417E+04
   24   .823478800  -.499972052  2.401060868448417E+04
   25   .823478800  -.512243833  2.401060868448417E+04
   26   .823478800  -.524515614  2.401060868448417E+04
   27   .823478800  -.536787395  2.401060868448417E+04
   28   .823478800  -.549059176  2.401060868448417E+04
   29   .823478800  -.561330957  2.401060868448417E+04
   30   .823478800  -.573602738  2.401060868448417E+04
   31   .823478800  -.585874519  2.401060868448417E+04
   32   .823478800  -.598146300  2.401060868448417E+04
   33   .823478800  -.610418081  2.401060868448417E+04
   34   .823478800  -.622689862  2.401060868448417E+04
   35   .823478800  -.634961643  2.401060868448417E+04
   36   .823478800  -.647233424  2.401060868448417E+04
   37   .823478800  -.659505205  2.401060868448417E+04
   38   .823478800  -.671776986  2.401060868448417E+04
   39   .823478800  -.684048767  2.401060868448417E+04
   40   .823478800  -.696320548  2.401060868448417E+04
   41   .823478800  -.708592329  2.401060868448417E+04
   42   .823478800  -.720864110  2.401060868448417E+04
   43   .839131367  -.475428490  2.401060868448417E+04
   44   .839131367  -.487700271  2.401060868448417E+04
   45   .839131367  -.499972052  2.401060868448417E+04
   46   .839131367  -.512243833  2.401060868448417E+04
   47   .839131367  -.524515614  2.401060868448417E+04
   48   .839131367  -.536787395  2.401060868448417E+04
   49   .839131367  -.549059176  2.401060868448417E+04
   50   .839131367  -.561330957  2.401060868448417E+04
   51   .839131367  -.573602738  2.401060868448417E+04
   52   .839131367  -.585874519  2.401060868448417E+04
   53   .839131367  -.598146300  2.401060868448417E+04
   54   .839131367  -.610418081  2.401060868448417E+04
   55   .839131367  -.622689862  2.401060868448417E+04
   56   .839131367  -.634961643  2.401060868448417E+04
   57   .839131367  -.647233424  2.401060868448417E+04
   58   .839131367  -.659505205  2.401060868448417E+04
   59   .839131367  -.671776986  2.401060868448417E+04
   60   .839131367  -.684048767  2.401060868448417E+04
   61   .839131367  -.696320548  2.401060868448417E+04
   62   .839131367  -.708592329  2.401060868448417E+04
   63   .839131367  -.720864110  2.401060868448417E+04
    1   .804856800  -.351632796  1.940693365288886E+04
    2   .804856800  -.335649487  1.940693365288886E+04
    3   .804856800  -.319666178  1.940693365288886E+04
    4   .804856800  -.303682869  1.940693365288886E+04
    5   .804856800  -.287699560  1.940693365288886E+04
    6   .804856800  -.271716251  1.940693365288886E+04
    7   .804856800  -.255732942  1.940693365288886E+04
    8   .804856800  -.239749633  1.940693365288886E+04
    9   .804856800  -.223766324  1.940693365288886E+04
   10   .804856800  -.207783016  1.940693365288886E+04
   11   .804856800  -.191799707  1.940693365288886E+04
   12   .804856800  -.175816398  1.940693365288886E+04
   13   .804856800  -.159833089  1.940693365288886E+04
   14   .804856800  -.143849780  1.940693365288886E+04
   15   .804856800  -.127866471  1.940693365288886E+04
   16   .804856800  -.111883162  1.940693365288886E+04
   17   .804856800  -.095899853  1.940693365288886E+04
   18   .804856800  -.079916544  1.940693365288886E+04
   19   .804856800  -.063933236  1.940693365288886E+04
   20   .804856800  -.047949927  1.940693365288886E+04
   21   .804856800  -.031966618  1.940693365288886E+04
   22   .804856800  -.015983309  1.940693365288886E+04
   23   .804856800   .000000000  1.940693365288886E+04
   24   .804856800   .015983309  1.940693365288886E+04
   25   .804856800   .031966618  1.940693365288886E+04
   26   .804856800   .047949927  1.940693365288886E+04
   27   .804856800   .063933236  1.940693365288886E+04
   28   .804856800   .079916544  1.940693365288886E+04
   29   .804856800   .095899853  1.940693365288886E+04
   30   .804856800   .111883162  1.940693365288886E+04
   31   .804856800   .127866471  1.940693365288886E+04
   32   .804856800   .143849780  1.940693365288886E+04
   33   .804856800   .159833089  1.940693365288886E+04
   34   .804856800   .175816398  1.940693365288886E+04
   35   .804856800   .191799707  1.940693365288886E+04
   36   .804856800   .207783016  1.940693365288886E+04
   37   .804856800   .223766324  1.940693365288886E+04
   38   .804856800   .239749633  1.940693365288886E+04
   39   .804856800   .255732942  1.940693365288886E+04
   40   .804856800   .271716251  1.940693365288886E+04
   41   .804856800   .287699560  1.940693365288886E+04
   42   .804856800   .303682869  1.940693365288886E+04
   43   .804856800   .319666178  1.940693365288886E+04
   44   .804856800   .335649487  1.940693365288886E+04
   45   .804856800   .351632796  1.940693365288886E+04
   46   .814570400  -.351632796  1.940693365288886E+04
   47   .814570400  -.335649487  1.940693365288886E+04
   48   .814570400  -.319666178  1.940693365288886E+04
   49   .814570400  -.303682869  1.940693365288886E+04
   50   .814570400  -.287699560  1.940693365288886E+04
   51   .814570400  -.271716251  1.940693365288886E+04
   52   .814570400  -.255732942  1.940693365288886E+04
   53   .814570400  -.239749633  1.940693365288886E+04
   54   .814570400  -.223766324  1.940693365288886E+04
   55   .814570400  -.207783016  1.940693365288886E+04
   56   .814570400  -.191799707  1.940693365288886E+04
   57   .814570400  -.175816398  1.940693365288886E+04
   58   .814570400  -.159833089  1.940693365288886E+04
   59   .814570400  -.143849780  1.940693365288886E+04
   60   .814570400  -.127866471  1.940693365288886E+04
   61   .814570400  -.111883162  1.940693365288886E+04
   62   .814570400  -.095899853  1.940693365288886E+04
   63   .814570400  -.079916544  1.940693365288886E+04
   64   .814570400  -.063933236  1.940693365288886E+04
   65   .814570400  -.047949927  1.940693365288886E+04
   66   .814570400  -.031966618  1.940693365288886E+04
   67   .814570400  -.015983309  1.940693365288886E+04
   68   .814570400   .000000000  1.940693365288886E+04
   69   .814570400   .015983309  1.940693365288886E+04
   70   .814570400   .031966618  1.940693365288886E+04
   71   .814570400   .047949927  1.940693365288886E+04
   72   .814570400   .063933236  1.940693365288886E+04
   73   .814570400   .079916544  1.940693365288886E+04
   74   .814570400   .095899853  1.940693365288886E+04
   75   .814570400   .111883162  1.940693365288886E+04
   76   .814570400   .127866471  1.940693365288886E+04
   77   .814570400   .143849780  1.940693365288886E+04
   78   .814570400   .159833089  1.940693365288886E+04
   79   .814570400   .175816398  1.940693365288886E+04
   80   .814570400   .191799707  1.940693365288886E+04
   81   .814570400   .207783016  1.940693365288886E+04
   82   .814570400   .223766324  1.940693365288886E+04
   83   .814570400   .239749633  1.940693365288886E+04
   84   .814570400   .255732942  1.940693365288886E+04
   85   .814570400   .271716251  1.940693365288886E+04
   86   .814570400   .287699560  1.940693365288886E+04
   87   .814570400   .303682869  1.940693365288886E+04
   88   .814570400   .319666178  1.940693365288886E+04
   89   .814570400   .335649487  1.940693365288886E+04
   90   .814570400   .351632796  1.940693365288886E+04
    1    .800000000  -.760000000  8.09641390E+03
    2    .800000000  -.290000000 -4.16254378E+03
    3    .800000000  -.050000000  7.12040320E+02
    4    .800000000   .050000000  7.12040486E+02
    5    .800000000   .290000000 -4.16254387E+03
    6    .800000000   .760000000  8.09641398E+03

